100

0 77 0.6516 

0 94 0.3815 

0 33 0.209 

0 56 0.8845 

0 15 0.1068 

0 73 0.7774 

0 57 0.068 

0 62 0.0128 

0 14 0.7395 

0 8 0.7313 

0 54 0.0186 

0 37 0.6062 

0 84 0.1154 

0 11 0.06 

0 21 0.4149 

1 64 0.7231 

1 91 0.7518 

1 69 0.5482 

1 65 0.1639 

1 32 0.7142 

1 3 0.9052 

1 72 0.2355 

1 95 0.0346 

1 34 0.9245 

1 29 0.0985 

1 51 0.5603 

1 10 0.7697 

1 79 0.888 

1 26 0.9941 

1 93 0.8558 

1 92 0.4347 

1 12 0.2639 

1 2 0.1327 

1 9 0.6678 

2 10 0.3449 

2 80 0.245 

2 66 0.2327 

2 94 0.8967 

2 81 0.0718 

2 35 0.0755 

2 9 0.9969 

2 25 0.2082 

2 55 0.0087 

2 43 0.3073 

2 40 0.2855 

2 78 0.9201 

2 57 0.1105 

2 58 0.8648 

2 20 0.2848 

2 68 0.5344 

2 15 0.9487 

2 13 0.3656 

2 86 0.1522 

2 19 0.6301 

3 21 0.7305 

3 11 0.9833 

3 48 0.3494 

3 37 0.3118 

3 7 0.9134 

3 87 0.7687 

3 40 0.6559 

3 33 0.0852 

3 44 0.1917 

3 13 0.9832 

3 30 0.2025 

3 90 0.0892 

3 34 0.7412 

3 43 0.2257 

3 88 0.8004 

3 72 0.0348 

3 53 0.9825 

3 91 0.2403 

3 99 0.5878 

4 64 0.1841 

4 52 0.1191 

4 89 0.9311 

4 97 0.797 

4 43 0.6113 

4 30 0.4163 

4 6 0.2046 

4 51 0.063 

4 68 0.8005 

4 45 0.8816 

4 31 0.0728 

4 20 0.1043 

4 24 0.1598 

4 98 0.4456 

4 35 0.0126 

4 72 0.5245 

5 59 0.2506 

5 70 0.7831 

5 99 0.2105 

5 71 0.7668 

5 6 0.4414 

5 32 0.5557 

5 84 0.8243 

5 31 0.8805 

5 65 0.7208 

5 13 0.9177 

5 23 0.052 

5 92 0.3907 

5 43 0.8737 

5 10 0.7697 

6 37 0.3744 

6 27 0.0986 

6 14 0.8625 

6 26 0.0032 

6 68 0.529 

6 78 0.5777 

6 20 0.1259 

6 52 0.5044 

6 38 0.8835 

6 42 0.3724 

6 69 0.2379 

6 79 0.0412 

6 16 0.6194 

6 50 0.9131 

6 36 0.4984 

6 19 0.5522 

6 64 0.842 

7 45 0.7272 

7 20 0.4615 

7 48 0.2723 

7 50 0.4678 

7 70 0.4158 

7 32 0.4796 

7 43 0.3703 

7 9 0.3534 

7 16 0.9564 

7 13 0.7816 

7 47 0.6682 

7 69 0.7292 

7 72 0.6111 

7 27 0.1847 

7 84 0.0462 

7 37 0.486 

8 81 0.1664 

8 74 0.8527 

8 82 0.7008 

8 88 0.4648 

8 13 0.2138 

8 77 0.3323 

8 40 0.6773 

8 63 0.637 

8 41 0.2432 

8 14 0.3534 

8 16 0.6645 

8 42 0.9926 

8 23 0.3297 

8 68 0.8425 

8 37 0.1341 

8 21 0.4054 

8 99 0.4409 

8 27 0.1546 

8 51 0.4566 

8 69 0.0979 

9 36 0.3095 

9 95 0.2045 

9 32 0.459 

9 86 0.1086 

9 46 0.6046 

9 28 0.676 

9 26 0.4355 

9 92 0.477 

9 85 0.9165 

9 58 0.0891 

10 17 0.2994 

10 79 0.7373 

10 29 0.0905 

10 97 0.5008 

10 61 0.5653 

10 64 0.6642 

10 45 0.3751 

10 22 0.4687 

10 69 0.4362 

10 23 0.6953 

10 58 0.6562 

10 24 0.4207 

10 92 0.7636 

10 90 0.0719 

10 94 0.0255 

10 65 0.6009 

10 66 0.2339 

10 41 0.9341 

10 25 0.8519 

11 48 0.5123 

11 72 0.152 

11 61 0.9258 

11 15 0.431 

11 21 0.7914 

11 53 0.7888 

11 50 0.6843 

11 19 0.9485 

11 62 0.4666 

11 85 0.837 

11 93 0.7558 

11 23 0.7238 

11 52 0.4063 

12 30 0.1956 

12 52 0.6508 

12 93 0.6794 

12 53 0.085 

12 88 0.6672 

12 20 0.3118 

12 43 0.5926 

12 81 0.0283 

12 94 0.1849 

12 45 0.3308 

12 64 0.2662 

12 63 0.7269 

12 22 0.1662 

12 66 0.3841 

12 21 0.238 

12 41 0.5157 

12 19 0.8334 

12 79 0.249 

12 84 0.8206 

12 57 0.1024 

12 28 0.7887 

13 45 0.2033 

13 20 0.0828 

13 56 0.0877 

13 76 0.6705 

13 81 0.5773 

13 93 0.1297 

13 65 0.6393 

13 34 0.7395 

13 25 0.5296 

13 37 0.3517 

13 23 0.063 

13 77 0.9195 

13 83 0.4219 

13 31 0.8217 

13 89 0.1988 

13 47 0.4746 

13 61 0.6558 

13 69 0.9238 

13 27 0.682 

14 82 0.6558 

14 99 0.2237 

14 37 0.1261 

14 29 0.1284 

14 23 0.6453 

14 22 0.5924 

14 63 0.9599 

14 67 0.0846 

14 85 0.3294 

14 68 0.0474 

14 55 0.7873 

14 61 0.0898 

14 57 0.4716 

14 64 0.8183 

14 24 0.6676 

15 84 0.9067 

15 34 0.0944 

15 62 0.2008 

15 31 0.8999 

15 69 0.6723 

15 65 0.4599 

15 17 0.3103 

15 38 0.9987 

15 55 0.0452 

15 60 0.0409 

15 98 0.7462 

15 30 0.9804 

15 23 0.3328 

15 32 0.5702 

15 77 0.4033 

15 95 0.0727 

16 97 0.5983 

16 28 0.0233 

16 30 0.7307 

16 95 0.3162 

16 67 0.2894 

16 58 0.8992 

16 96 0.9766 

16 85 0.1201 

16 24 0.0412 

16 31 0.6313 

16 82 0.477 

16 45 0.5289 

16 20 0.2633 

16 56 0.2906 

16 21 0.8019 

16 26 0.3053 

16 59 0.0899 

17 89 0.1284 

17 20 0.3759 

17 53 0.2501 

17 35 0.2155 

17 36 0.4408 

17 63 0.9413 

17 75 0.1282 

17 31 0.4932 

18 65 0.8617 

18 43 0.7532 

18 32 0.4973 

18 28 0.0486 

18 51 0.3694 

18 29 0.7998 

18 62 0.9506 

18 92 0.1327 

18 27 0.1427 

18 48 0.9102 

18 52 0.5485 

18 41 0.1252 

18 19 0.3973 

18 70 0.7089 

18 67 0.11 

18 22 0.5601 

18 90 0.0836 

18 69 0.4244 

19 50 0.9765 

19 67 0.0859 

19 57 0.7958 

19 92 0.0076 

19 59 0.3673 

19 20 0.0074 

19 76 0.378 

19 98 0.342 

19 72 0.0721 

19 87 0.1586 

19 45 0.9034 

19 43 0.9684 

19 97 0.1094 

19 54 0.3528 

19 60 0.4491 

19 62 0.1494 

19 80 0.9414 

19 75 0.6869 

20 35 0.1248 

20 84 0.951 

20 93 0.4752 

20 44 0.2431 

20 98 0.5849 

20 34 0.99 

20 72 0.8885 

20 77 0.8143 

20 76 0.4388 

20 33 0.8637 

21 60 0.276 

21 54 0.4715 

21 74 0.4691 

21 45 0.8403 

21 28 0.1665 

21 97 0.3449 

21 32 0.7185 

21 81 0.9687 

21 42 0.3626 

21 80 0.4762 

21 77 0.3797 

21 38 0.7554 

21 41 0.398 

21 62 0.5101 

21 44 0.827 

21 88 0.5538 

21 95 0.0716 

21 78 0.1236 

22 55 0.0671 

22 70 0.8028 

22 79 0.7493 

22 76 0.6817 

22 35 0.8137 

22 89 0.8118 

22 96 0.4228 

22 80 0.8061 

22 26 0.4362 

22 65 0.7401 

22 82 0.1927 

22 53 0.1376 

22 23 0.0021 

23 82 0.0554 

23 90 0.2908 

23 92 0.4062 

23 91 0.4917 

23 77 0.199 

23 96 0.8284 

23 31 0.2687 

23 81 0.3023 

23 65 0.8577 

23 47 0.3451 

23 86 0.954 

23 30 0.4031 

23 57 0.281 

23 70 0.945 

24 53 0.816 

24 91 0.5887 

24 28 0.4968 

24 49 0.7169 

24 92 0.1615 

24 74 0.0767 

24 82 0.1156 

24 62 0.9462 

24 58 0.4452 

25 75 0.3789 

25 43 0.162 

25 99 0.0736 

25 32 0.7571 

25 48 0.8916 

25 83 0.2744 

25 66 0.1888 

25 28 0.9839 

25 56 0.4512 

25 45 0.1077 

25 65 0.0723 

25 93 0.2625 

25 61 0.68 

25 49 0.1317 

25 37 0.2193 

26 73 0.4938 

26 59 0.4851 

26 29 0.0701 

26 85 0.4666 

26 47 0.0939 

26 88 0.553 

26 48 0.8491 

26 34 0.4547 

26 36 0.4086 

26 90 0.1376 

26 44 0.0939 

26 91 0.875 

26 69 0.8175 

26 67 0.2434 

26 61 0.4052 

26 97 0.1646 

26 58 0.1861 

26 87 0.982 

27 71 0.1195 

27 42 0.4158 

27 51 0.1037 

27 49 0.9659 

27 68 0.6893 

27 48 0.009 

27 73 0.1082 

27 78 0.7797 

27 83 0.6868 

27 96 0.1308 

27 66 0.2555 

27 99 0.4425 

27 54 0.5648 

27 65 0.5839 

27 69 0.3038 

27 37 0.363 

27 31 0.0709 

27 93 0.8405 

27 36 0.1803 

27 50 0.2236 

27 35 0.6589 

28 87 0.2287 

28 76 0.3052 

28 39 0.4182 

28 42 0.9583 

28 86 0.0406 

28 72 0.4906 

28 75 0.3431 

28 30 0.5856 

28 61 0.9176 

28 43 0.0448 

28 38 0.9728 

28 95 0.1017 

28 46 0.8986 

28 77 0.5817 

28 50 0.123 

28 74 0.2612 

28 37 0.5101 

29 89 0.083 

29 65 0.5178 

29 69 0.6405 

29 39 0.9946 

29 82 0.2465 

29 77 0.2109 

29 40 0.8909 

29 75 0.4497 

29 64 0.7651 

29 84 0.6219 

29 86 0.2343 

29 33 0.3441 

29 46 0.0951 

29 41 0.6053 

29 49 0.3331 

29 35 0.1959 

29 57 0.9516 

30 68 0.1208 

30 63 0.1415 

30 86 0.592 

30 34 0.4561 

30 40 0.0844 

30 88 0.69 

30 57 0.0977 

30 52 0.2548 

30 44 0.1956 

30 85 0.0308 

30 72 0.562 

30 46 0.1443 

30 43 0.1989 

30 64 0.0533 

30 77 0.2631 

30 93 0.9156 

30 50 0.9626 

31 69 0.6012 

31 57 0.8491 

31 93 0.4401 

31 90 0.2513 

31 77 0.9157 

31 79 0.634 

31 88 0.6929 

31 86 0.9274 

31 43 0.5764 

31 56 0.0093 

31 61 0.2609 

31 73 0.9636 

32 35 0.0372 

32 86 0.5515 

32 79 0.01 

32 51 0.5166 

32 40 0.8247 

32 58 0.5698 

32 60 0.6136 

32 44 0.2683 

32 80 0.435 

32 38 0.558 

32 96 0.035 

32 78 0.306 

32 82 0.4642 

32 94 0.8953 

33 94 0.5383 

33 75 0.4079 

33 34 0.1054 

33 91 0.5228 

33 38 0.8214 

33 87 0.2991 

33 62 0.804 

33 66 0.4242 

33 67 0.0968 

33 82 0.5411 

33 93 0.1943 

34 40 0.6177 

34 45 0.8426 

34 96 0.6493 

34 85 0.4969 

34 74 0.772 

34 88 0.5902 

34 90 0.1268 

34 43 0.9372 

34 86 0.3304 

34 93 0.683 

34 35 0.4989 

34 84 0.4905 

34 76 0.9875 

34 38 0.8283 

34 94 0.0167 

35 85 0.6317 

35 36 0.506 

35 44 0.3269 

35 63 0.5647 

35 61 0.4678 

35 69 0.3052 

35 46 0.0462 

35 76 0.3865 

35 52 0.1156 

35 60 0.6225 

35 62 0.7237 

35 87 0.2341 

35 84 0.3651 

35 83 0.0785 

36 78 0.3946 

36 88 0.0588 

36 56 0.828 

36 73 0.5546 

36 96 0.4043 

36 38 0.3429 

36 94 0.2742 

36 75 0.2075 

36 99 0.7755 

37 67 0.1246 

37 60 0.964 

37 58 0.8811 

37 98 0.535 

37 42 0.3893 

37 62 0.3673 

37 99 0.9639 

37 91 0.2896 

37 96 0.4532 

37 78 0.0916 

37 39 0.4164 

37 68 0.1459 

37 92 0.6737 

37 82 0.1628 

38 55 0.7208 

38 50 0.2643 

38 95 0.6575 

38 83 0.8331 

38 99 0.7531 

38 61 0.6802 

38 98 0.0427 

38 45 0.9064 

38 44 0.7448 

39 98 0.7851 

39 76 0.181 

39 84 0.1984 

39 90 0.696 

39 50 0.6953 

39 43 0.893 

39 46 0.0834 

39 52 0.4566 

39 62 0.817 

39 63 0.3884 

39 42 0.7656 

39 41 0.6223 

39 78 0.4237 

39 85 0.7264 

39 83 0.528 

40 63 0.1354 

40 98 0.8558 

40 50 0.1738 

40 86 0.2706 

40 61 0.6622 

40 72 0.4988 

40 47 0.7519 

40 97 0.8672 

41 67 0.7939 

41 74 0.2458 

41 62 0.5311 

41 85 0.9746 

41 89 0.2777 

41 75 0.4906 

41 99 0.5058 

41 44 0.0869 

41 92 0.9714 

41 69 0.1891 

41 94 0.0136 

41 46 0.1811 

41 65 0.0692 

42 77 0.1373 

42 63 0.1709 

42 70 0.8686 

42 92 0.0053 

42 95 0.5743 

42 49 0.2233 

42 73 0.1682 

42 97 0.7822 

42 79 0.7925 

43 56 0.1075 

43 83 0.0035 

43 48 0.2755 

43 55 0.9093 

43 50 0.5478 

43 58 0.6726 

43 66 0.8967 

43 49 0.1998 

43 82 0.3261 

43 69 0.7951 

43 60 0.3116 

43 68 0.1946 

43 99 0.3154 

44 45 0.2278 

44 74 0.8028 

44 50 0.4679 

44 85 0.9525 

44 48 0.249 

44 60 0.3069 

44 86 0.0992 

44 82 0.7172 

44 69 0.6278 

45 82 0.8697 

45 62 0.2039 

45 76 0.3772 

45 85 0.6072 

45 87 0.8221 

45 48 0.1976 

45 65 0.0757 

45 97 0.3276 

45 46 0.9455 

45 89 0.9211 

45 55 0.7713 

46 85 0.2292 

46 73 0.316 

46 86 0.094 

46 92 0.5683 

46 69 0.5199 

46 55 0.076 

46 98 0.9799 

47 64 0.241 

47 54 0.3757 

47 65 0.6019 

47 57 0.0883 

47 55 0.1401 

47 83 0.0614 

47 73 0.3181 

47 97 0.9292 

47 72 0.5563 

47 48 0.5471 

47 51 0.1477 

48 71 0.0656 

48 80 0.9294 

48 99 0.9529 

48 74 0.0674 

48 55 0.365 

48 91 0.1455 

48 96 0.9203 

48 59 0.8699 

48 85 0.9794 

49 69 0.4345 

49 83 0.5658 

49 71 0.5158 

49 58 0.9794 

49 70 0.5801 

49 92 0.5417 

49 91 0.2611 

49 79 0.6512 

49 82 0.4187 

49 62 0.6494 

50 65 0.7407 

50 98 0.7097 

50 86 0.3794 

50 52 0.4499 

50 62 0.4946 

50 70 0.2733 

50 84 0.173 

51 63 0.0012 

51 98 0.6504 

51 73 0.5582 

51 85 0.5769 

51 68 0.4428 

51 62 0.6109 

51 65 0.6329 

51 72 0.2419 

51 66 0.9474 

51 74 0.4985 

51 95 0.4345 

51 82 0.6433 

52 89 0.6167 

52 84 0.9852 

52 73 0.144 

52 76 0.2532 

52 53 0.6433 

53 61 0.2988 

53 68 0.2006 

53 78 0.9651 

53 95 0.0327 

53 87 0.5594 

53 80 0.3035 

53 72 0.6964 

53 92 0.7509 

53 60 0.6447 

53 65 0.842 

53 74 0.2884 

53 75 0.6305 

54 99 0.8243 

54 66 0.22 

54 96 0.6843 

54 95 0.9875 

54 82 0.6282 

54 81 0.8786 

55 59 0.7407 

55 87 0.9479 

55 93 0.4126 

55 63 0.9689 

55 58 0.2168 

55 81 0.2415 

55 68 0.5587 

55 62 0.9241 

55 57 0.9043 

56 96 0.6745 

56 98 0.2334 

56 68 0.5195 

56 93 0.2985 

56 70 0.1968 

56 80 0.8593 

56 84 0.7466 

56 83 0.9557 

57 99 0.2354 

57 97 0.8143 

57 67 0.8683 

57 80 0.205 

57 68 0.2358 

57 59 0.3755 

57 82 0.1753 

57 84 0.7737 

58 59 0.1724 

58 71 0.9604 

58 76 0.3247 

58 63 0.8176 

58 78 0.3074 

58 96 0.9997 

58 87 0.9781 

59 64 0.1257 

59 99 0.8935 

59 85 0.2138 

59 80 0.2849 

59 86 0.1485 

59 73 0.0965 

60 69 0.9506 

60 62 0.494 

60 67 0.6676 

60 64 0.9829 

60 89 0.962 

60 65 0.4108 

60 94 0.6383 

60 71 0.9028 

61 69 0.275 

61 67 0.4839 

61 71 0.2458 

61 81 0.4368 

61 83 0.3244 

61 65 0.3082 

61 77 0.7416 

61 94 0.765 

61 90 0.7167 

62 93 0.6716 

62 71 0.5301 

62 96 0.5168 

62 94 0.3974 

62 79 0.805 

62 99 0.3263 

62 69 0.9162 

63 88 0.6804 

63 90 0.128 

63 68 0.6391 

63 98 0.3432 

63 80 0.1749 

63 89 0.29 

63 65 0.3273 

63 87 0.3357 

63 77 0.1275 

63 79 0.8498 

63 74 0.6928 

64 83 0.0031 

64 79 0.3133 

64 99 0.8316 

64 88 0.3447 

64 75 0.9358 

64 89 0.8097 

64 78 0.1518 

65 85 0.6863 

65 93 0.7039 

65 73 0.9266 

65 82 0.7922 

65 97 0.5082 

65 88 0.8204 

66 92 0.5133 

66 70 0.9723 

66 95 0.5778 

66 87 0.0488 

66 83 0.922 

66 88 0.093 

66 73 0.2214 

67 73 0.4871 

67 83 0.4444 

67 91 0.1929 

67 92 0.0544 

68 85 0.2599 

68 76 0.8529 

68 79 0.0481 

68 92 0.391 

68 80 0.4825 

68 89 0.3542 

69 98 0.2079 

69 96 0.3578 

69 94 0.1691 

69 82 0.7272 

69 70 0.7908 

70 75 0.4328 

70 76 0.0638 

70 80 0.4497 

70 90 0.6387 

71 72 0.5154 

71 93 0.0513 

71 91 0.2221 

71 99 0.5174 

71 75 0.2628 

71 78 0.5503 

71 94 0.6095 

72 83 0.9112 

72 87 0.8457 

73 77 0.9432 

73 92 0.963 

73 87 0.5344 

73 80 0.9325 

74 97 0.7812 

74 94 0.7323 

74 85 0.0826 

75 98 0.2248 

75 77 0.5609 

75 97 0.831 

75 92 0.9074 

75 90 0.1875 

75 76 0.8997 

76 85 0.6945 

76 87 0.4277 

76 97 0.747 

76 96 0.2286 

76 78 0.8304 

76 80 0.6025 

76 81 0.4213 

77 99 0.2297 

77 91 0.222 

77 96 0.7002 

77 98 0.0564 

78 86 0.4705 

78 95 0.1239 

79 94 0.4927 

79 93 0.825 

79 82 0.3649 

79 84 0.0794 

80 97 0.8621 

81 96 0.626 

81 97 0.5983 

82 83 0.1046 

82 94 0.5567 

83 88 0.5975 

83 98 0.5476 

83 84 0.3893 

84 96 0.2532 

84 91 0.0665 

85 96 0.0348 

85 95 0.1567 

85 99 0.6377 

86 93 0.5346 

87 92 0.2975 

87 97 0.3177 

88 95 0.9631 

88 96 0.2303 

88 99 0.7136 

88 94 0.9645 

89 91 0.0579 

89 95 0.6046 

89 97 0.8596 

90 94 0.9527 

90 99 0.4512 

90 93 0.341 

91 94 0.9876 

91 93 0.8454 

92 96 0.9024 

92 93 0.9478 

92 99 0.5917 

95 99 0.7424 

95 98 0.9353 

