100

0 5 0.9452 

0 61 0.0115 

1 5 0.5308 

1 43 0.7188 

1 88 0.4351 

2 26 0.0821 

2 93 0.8814 

2 12 0.4869 

2 95 0.7524 

2 10 0.0272 

2 51 0.1067 

3 75 0.2219 

3 41 0.9577 

3 29 0.5634 

3 99 0.1759 

4 14 0.6783 

4 80 0.1846 

5 85 0.274 

6 11 0.0629 

6 33 0.7737 

6 26 0.1764 

6 38 0.9421 

7 27 0.8156 

7 76 0.1796 

8 97 0.5111 

8 78 0.1846 

8 75 0.3193 

8 81 0.7827 

8 62 0.1591 

9 52 0.7671 

9 92 0.6489 

9 61 0.809 

9 69 0.9789 

10 37 0.0865 

11 36 0.3118 

11 74 0.1867 

11 77 0.3901 

11 95 0.3431 

12 29 0.6033 

12 30 0.1283 

12 49 0.1054 

12 62 0.0766 

12 92 0.4739 

13 29 0.0972 

13 16 0.2599 

13 67 0.4698 

13 92 0.2978 

14 81 0.0339 

14 77 0.8401 

14 78 0.4774 

15 92 0.8157 

15 88 0.7246 

15 69 0.5415 

15 29 0.4404 

15 75 0.3867 

16 36 0.3416 

17 23 0.1984 

18 65 0.2947 

19 44 0.9941 

19 79 0.1466 

20 47 0.0161 

21 32 0.4226 

22 94 0.9118 

22 45 0.153 

23 26 0.8221 

23 60 0.1805 

23 44 0.1288 

24 52 0.2852 

24 69 0.6558 

25 93 0.0138 

26 66 0.2034 

26 68 0.6889 

27 74 0.1706 

29 82 0.5683 

29 32 0.0879 

30 73 0.2224 

31 52 0.2425 

31 92 0.249 

31 36 0.9691 

32 66 0.3594 

32 58 0.7457 

33 50 0.7145 

33 73 0.2107 

34 84 0.597 

35 38 0.9323 

35 50 0.854 

36 67 0.7521 

39 55 0.6228 

39 75 0.2104 

40 64 0.4949 

40 49 0.0454 

40 97 0.4653 

40 65 0.0435 

41 50 0.2423 

41 47 0.3458 

41 97 0.34 

41 68 0.971 

41 64 0.1999 

42 55 0.7497 

42 46 0.7555 

44 53 0.8822 

44 80 0.1532 

46 67 0.0919 

46 98 0.5358 

47 73 0.9645 

47 66 0.6383 

47 97 0.7564 

47 50 0.3892 

49 97 0.7191 

50 99 0.9015 

50 59 0.6052 

51 55 0.0255 

51 56 0.399 

53 84 0.4473 

53 55 0.2785 

56 64 0.4217 

56 87 0.1568 

57 87 0.3558 

59 65 0.8443 

59 89 0.9416 

61 65 0.9809 

61 92 0.5002 

62 80 0.7572 

62 65 0.4422 

63 84 0.0318 

65 81 0.1759 

65 78 0.9131 

68 70 0.8658 

68 94 0.141 

69 92 0.8207 

70 95 0.5531 

74 77 0.667 

75 84 0.0081 

76 88 0.5351 

77 83 0.5091 

78 87 0.8844 

78 80 0.3305 

80 94 0.3762 

81 82 0.4977 

88 90 0.0884 

88 97 0.4381 

89 95 0.2796 

